0.00,3.52,3.32,5.81,4.91,5.00,6.78,8.89,9.71
3.52,0.00,1.08,4.14,1.29,1.68,3.20,4.63,5.08
3.32,1.08,0.00,2.57,1.65,3.25,4.10,5.11,6.06
5.81,4.14,2.57,0.00,3.77,5.99,6.72,7.70,8.71
4.91,1.29,1.65,3.77,0.00,2.58,2.79,3.56,4.46
5.00,1.68,3.25,5.99,2.58,0.00,3.50,3.46,4.25
6.78,3.20,4.10,6.72,2.79,3.50,0.00,1.72,2.25
8.89,4.63,5.11,7.70,3.56,3.46,1.72,0.00,1.15
9.71,5.08,6.06,8.71,4.46,4.25,2.25,1.15,0.00